   1.3680000e-03   3.9000000e-05   6.4500010e-03
   2.2360000e-03   6.4000000e-05   1.0549990e-02
   4.2430000e-03   1.2000000e-04   2.0050010e-02
   7.6500000e-03   2.1700000e-04   3.6210000e-02
   1.4310000e-02   3.9600000e-04   6.7850010e-02
   2.3190000e-02   6.4000000e-04   1.1020000e-01
   4.3510000e-02   1.2100000e-03   2.0740000e-01
   7.7630000e-02   2.1800000e-03   3.7130000e-01
   1.3438000e-01   4.0000000e-03   6.4560000e-01
   2.1477000e-01   7.3000000e-03   1.0390501e+00
   2.8390000e-01   1.1600000e-02   1.3856000e+00
   3.2850000e-01   1.6840000e-02   1.6229600e+00
   3.4828000e-01   2.3000000e-02   1.7470600e+00
   3.4806000e-01   2.9800000e-02   1.7826000e+00
   3.3620000e-01   3.8000000e-02   1.7721100e+00
   3.1870000e-01   4.8000000e-02   1.7441000e+00
   2.9080000e-01   6.0000000e-02   1.6692000e+00
   2.5110000e-01   7.3900000e-02   1.5281000e+00
   1.9536000e-01   9.0980000e-02   1.2876400e+00
   1.4210000e-01   1.1260000e-01   1.0419000e+00
   9.5640000e-02   1.3902000e-01   8.1295010e-01
   5.7950010e-02   1.6930000e-01   6.1620000e-01
   3.2010000e-02   2.0802000e-01   4.6518000e-01
   1.4700000e-02   2.5860000e-01   3.5330000e-01
   4.9000000e-03   3.2300000e-01   2.7200000e-01
   2.4000000e-03   4.0730000e-01   2.1230000e-01
   9.3000000e-03   5.0300000e-01   1.5820000e-01
   2.9100000e-02   6.0820000e-01   1.1170000e-01
   6.3270000e-02   7.1000000e-01   7.8249990e-02
   1.0960000e-01   7.9320000e-01   5.7250010e-02
   1.6550000e-01   8.6200000e-01   4.2160000e-02
   2.2574990e-01   9.1485010e-01   2.9840000e-02
   2.9040000e-01   9.5400000e-01   2.0300000e-02
   3.5970000e-01   9.8030000e-01   1.3400000e-02
   4.3344990e-01   9.9495010e-01   8.7499990e-03
   5.1205010e-01   1.0000000e+00   5.7499990e-03
   5.9450000e-01   9.9500000e-01   3.9000000e-03
   6.7840000e-01   9.7860000e-01   2.7499990e-03
   7.6210000e-01   9.5200000e-01   2.1000000e-03
   8.4250000e-01   9.1540000e-01   1.8000000e-03
   9.1630000e-01   8.7000000e-01   1.6500010e-03
   9.7860000e-01   8.1630000e-01   1.4000000e-03
   1.0263000e+00   7.5700000e-01   1.1000000e-03
   1.0567000e+00   6.9490000e-01   1.0000000e-03
   1.0622000e+00   6.3100000e-01   8.0000000e-04
   1.0456000e+00   5.6680000e-01   6.0000000e-04
   1.0026000e+00   5.0300000e-01   3.4000000e-04
   9.3840000e-01   4.4120000e-01   2.4000000e-04
   8.5444990e-01   3.8100000e-01   1.9000000e-04
   7.5140000e-01   3.2100000e-01   1.0000000e-04
   6.4240000e-01   2.6500000e-01   4.9999990e-05
   5.4190000e-01   2.1700000e-01   3.0000000e-05
   4.4790000e-01   1.7500000e-01   2.0000000e-05
   3.6080000e-01   1.3820000e-01   1.0000000e-05
   2.8350000e-01   1.0700000e-01   0.0000000e+00
   2.1870000e-01   8.1600000e-02   0.0000000e+00
   1.6490000e-01   6.1000000e-02   0.0000000e+00
   1.2120000e-01   4.4580000e-02   0.0000000e+00
   8.7400000e-02   3.2000000e-02   0.0000000e+00
   6.3600000e-02   2.3200000e-02   0.0000000e+00
   4.6770000e-02   1.7000000e-02   0.0000000e+00
   3.2900000e-02   1.1920000e-02   0.0000000e+00
   2.2700000e-02   8.2100000e-03   0.0000000e+00
   1.5840000e-02   5.7230000e-03   0.0000000e+00
   1.1359160e-02   4.1020000e-03   0.0000000e+00
   8.1109160e-03   2.9290000e-03   0.0000000e+00
   5.7903460e-03   2.0910000e-03   0.0000000e+00
   4.1094570e-03   1.4840000e-03   0.0000000e+00
   2.8993270e-03   1.0470000e-03   0.0000000e+00
   2.0491900e-03   7.4000000e-04   0.0000000e+00
   1.4399710e-03   5.2000000e-04   0.0000000e+00
   0.0000000e+00   0.0000000e+00   0.0000000e+00
   0.0000000e+00   0.0000000e+00   0.0000000e+00
   0.0000000e+00   0.0000000e+00   0.0000000e+00
   0.0000000e+00   0.0000000e+00   0.0000000e+00
   0.0000000e+00   0.0000000e+00   0.0000000e+00
   0.0000000e+00   0.0000000e+00   0.0000000e+00
   0.0000000e+00   0.0000000e+00   0.0000000e+00
   0.0000000e+00   0.0000000e+00   0.0000000e+00
   0.0000000e+00   0.0000000e+00   0.0000000e+00
   0.0000000e+00   0.0000000e+00   0.0000000e+00
